50
997 926518233 624778709
919 834349176 998749501
633 274332384 843356454
647 271642815 740068165
714 874192678 422887837
522 504446559 537191580
821 533748161 732682518
716 795057449 705280092
768 466426878 258778940
988 321497884 286556902
839 336419798 995835070
961 758903629 808011927
831 214001588 240962388
753 332609212 498724711
563 394209601 460398879
576 854105303 928885429
669 534578160 331496908
986 384039127 328698314
921 810497645 599455839
974 460055234 758768274
556 252682767 205833679
926 954094164 976780816
787 820288768 489587147
988 510387442 855224630
622 315439676 344548127
865 258758865 870445955
772 299897884 880874892
860 232357353 766950166
548 750769201 779400770
607 389847623 671382406
931 234432430 720521339
547 354950894 772202587
894 395575017 807994684
890 406408395 779212643
790 372445518 870840903
548 334485395 352982736
844 899195993 355547434
855 657790920 886363662
586 400530802 614744388
880 938327655 731611998
833 272402746 760801364
574 788637167 233167591
716 424992689 887539837
622 463296627 906792722
534 915994252 669568259
736 960628818 621440031
679 539620223 890701452
678 794090176 930544991
879 720653341 239007798
898 554836261 366625231
